%YAML:1.0
---
type: IMU
name: d435i
Gyr:
   unit: " rad/s"
   avg-axis:
      gyr_n: 1.9636833820724387e-03
      gyr_w: 1.7457733169437619e-05
   x-axis:
      gyr_n: 2.3188853003571121e-03
      gyr_w: 2.4129374611967347e-05
   y-axis:
      gyr_n: 2.3146774354753101e-03
      gyr_w: 2.1308063806239131e-05
   z-axis:
      gyr_n: 1.2574874103848943e-03
      gyr_w: 6.9357610901063872e-06
Acc:
   unit: " m/s^2"
   avg-axis:
      acc_n: 1.6732173799052869e-02
      acc_w: 4.3258133175683758e-04
   x-axis:
      acc_n: 1.3433335852281047e-02
      acc_w: 3.2659382178829331e-04
   y-axis:
      acc_n: 1.6972024891158156e-02
      acc_w: 5.5057286282898072e-04
   z-axis:
      acc_n: 1.9791160653719400e-02
      acc_w: 4.2057731065323864e-04
